-- you can change the wait time to whatever you want, and also change the position.

while true do
wait(1)
game.Players.LocalPlayer.Character.HumanoidRootPart.CFrame = CFrame.new(18.0288925, 5.9000001, 72.9121704, -0.731115937, -7.65424204e-08, 0.682253242, -1.66214331e-08, 1, 9.43787768e-08, -0.682253242, 5.76618007e-08, -0.731115937)
wait(1)
game.Players.LocalPlayer.Character.HumanoidRootPart.CFrame = CFrame.new(18.2325516, 5.9000001, 147.265152, 0.700410187, -5.57199904e-08, 0.713738918, -1.66214331e-08, 1, 9.43787768e-08, -0.713738918, -7.7967286e-08, 0.700410187)
wait(1)
game.Players.LocalPlayer.Character.HumanoidRootPart.CFrame = CFrame.new(-56.4182091, 5.9000001, 147.016464, 0.790156722, 3.26261045e-08, -0.612904787, 8.12932299e-09, 1, 6.37122781e-08, 0.612904787, -5.5325188e-08, 0.790156722)
wait(1)
game.Players.LocalPlayer.Character.HumanoidRootPart.CFrame = CFrame.new(-55.8147049, 5.9000001, 72.9756927, -0.5893929, -4.1332509e-08, -0.807846487, 2.81232619e-08, 1, -7.16821305e-08, 0.807846487, -6.49682192e-08, -0.5893929)
wait(1)

end




































































































































































































































































































































































































































































































































































































































































































































































































































































































































































































































-- created by cOpEtriNe