-- money farm method
while true do
wait(0.01)
game.Players.LocalPlayer.Character.HumanoidRootPart.CFrame = CFrame.new(1479.12207, 22.9715118, 276.638428, 0.812679887, 1.75530115e-08, -0.582710385, -1.7119298e-08, 1, 6.24753405e-09, 0.582710385, 4.89834751e-09, 0.812679887)
wait(0.01)
game.Players.LocalPlayer.Character.HumanoidRootPart.CFrame = CFrame.new(1480.36902, 22.9715118, 241.990265, -0.992670476, 6.87737955e-09, 0.120852426, -1.61133373e-09, 1, -7.01425975e-08, -0.120852426, -6.98232228e-08, -0.992670476)
wait(0.01)
game.Players.LocalPlayer.Character.HumanoidRootPart.CFrame = CFrame.new(2332.9978, 21.18466, 3039.42725, -0.0426866114, -4.48919169e-09, 0.999088526, -2.51226275e-08, 1, 3.41990902e-09, -0.999088526, -2.4953744e-08, -0.0426866114)
wait(0.01)
game.Players.LocalPlayer.Character.HumanoidRootPart.CFrame = CFrame.new(2360.66699, 21.1846657, 3024.77026, 0.47291708, -6.03740631e-08, -0.881106913, 3.11360857e-08, 1, -5.18090069e-08, 0.881106913, -2.93285551e-09, 0.47291708)
end
